1 46 2861.294
1 62 3388.743
1 89 533.352
1 94 3175.248
1 171 1191.374
1 176 2673.792
1 207 233291.72902549
1 210 86.38799999999999
1 40 30.146
1 147 9.00851927
1 144 12894.936
1 154 58.933
1 155 3592.464
46 13 144.725
46 36 1254.85171
46 49 1608.778
46 60 4080.70007
46 70 0.793
46 76 139.62
46 123 5023.601
46 140 1.105
46 144 547.906
46 147 4.793
46 154 7.957
46 155 1.129
46 162 0.21403343
46 207 3473.0511277
46 8 0.221
46 40 89.6574218
46 64 0.022
46 74 56.38689287
46 103 19082.798
46 110 17.8432924
46 56 7.38
46 127 3.577
46 100 3.48853439
46 199 3418.918
62 36 7.6
62 147 4.556
62 207 268060.4965837
62 14 1.183
62 30 2.0
62 40 53.279
62 74 4.382
62 56 27.531
62 154 4185.776
62 172 33.113
62 155 17445.13127
89 27 6366.266
89 85 80934.972341
89 127 457.526
89 147 0.027000000000000003
89 207 45145.90034
89 40 21.47292172
89 64 0.80567465
89 110 2.368
89 36 14.524
89 155 6450.809
89 67 0.069
89 160 1.772
94 7 1167904.83192
94 20 2.372
94 21 226.138
94 23 11161.53230448
94 33 856.036
94 34 0.41
94 40 82.047
94 63 0.842
94 66 5.689
94 74 418.93744100000004
94 76 3.528
94 96 13.995
94 102 0.383
94 105 3.499
94 110 19528.298529
94 111 391698.93652287003
94 132 32.765
94 140 18131.4737
94 144 470899.507
94 147 19.0578192
94 149 142661.653
94 152 105977.77930000001
94 153 19.1565
94 156 2.082
94 158 4.145
94 162 7.08
94 169 1369860.7610000002
94 172 1260.354
94 203 368.361
94 204 0.924
94 207 108951.05112973001
94 212 1.561
94 216 65652.77900000001
94 3 109374.975
94 14 293649.933
94 30 25542.682
94 64 283.305
94 103 10.49866419
94 161 19271.574
94 18 19853.2968
94 56 23.027
94 88 2.655
94 165 5475664.726
94 194 484.603
94 155 17360.29
94 167 11.729
94 38 21.963
94 100 457.9356446
94 148 28649.94496
94 199 139336.586
94 61 78747.8799
94 81 361297.133
171 74 930.382485
171 78 87.935
171 130 9405.62802
171 147 809.431033
171 175 1340.365
171 207 13986.30979
171 8 10121.7893
171 40 22.138
171 64 6715.77886
171 70 3411.51422
171 161 3218.16013
171 18 1145.2785
171 41 2282.392
171 82 141.730565
171 137 2570.21
171 76 2665.959
171 144 2253.601
171 127 2145.706
171 38 2754.708
171 67 1884.01
171 100 279.366413
171 186 1048.312
171 44 1917.837
171 114 2072.492
171 199 2423.74
171 61 4680.97352
171 81 5180.43
176 27 2693.078
176 85 67036.08018542
176 147 0.32499999999999996
176 207 94732.97652076
176 40 1.424
176 64 1.52150226
176 56 1.061
176 36 4.143
176 154 0.054
176 145 145.186
207 2 49.425
207 3 7998.106
207 4 305.059
207 5 1428.525
207 7 14299.77599894
207 8 80770.62291149
207 13 724.40262157
207 14 83059.364898
207 18 63446.087414
207 20 9792.794
207 23 211.449
207 24 11176.717
207 25 0.544
207 27 46.7484236
207 28 313.74138999
207 29 77.5517442
207 30 485632.2982281
207 31 6329.5150691
207 36 9588664.65638
207 38 42319.0359318
207 39 479506.99506561
207 40 1416282.0174696
207 48 943.804
207 49 67546.005
207 53 18372.792
207 56 21488.3263985
207 57 25.042
207 59 2050.649
207 60 253007.009658
207 61 51561.2271
207 63 37602.264
207 64 218924.71781658
207 65 6907.724999999999
207 67 2201.32801384
207 68 76.443
207 70 173602.80281726999
207 72 8.001
207 74 95896.4604067
207 75 8.816
207 76 55975.32803
207 77 39614.945
207 79 2030.317
207 81 27846.558
207 82 1147.791538
207 83 2.59
207 85 152987.8048898
207 87 777.9454556
207 88 4453.02267
207 92 6.032
207 93 42655.6897936
207 95 177.78793195
207 97 4.9
207 98 11.276
207 99 563.5536648
207 100 25098.7678206
207 101 24002.74868722
207 102 58874.8149
207 103 1397553.0473634
207 104 0.392
207 106 1.614
207 108 2.043
207 110 1156123.7813154
207 111 11832.385
207 113 5.693
207 116 690.7139999999999
207 117 1.245
207 119 2.64920887
207 120 0.784
207 123 138633.189
207 125 9626.867
207 127 3556564.02153
207 129 1176.467
207 131 0.112
207 132 26.787
207 133 117.729062
207 136 19678.391
207 138 15000.712
207 140 993.624842
207 141 6.29136159
207 144 77833.51800000001
207 145 7.036
207 147 555852.12344697
207 148 44272.91332
207 151 921.03002054
207 152 5.48946262
207 153 5789.62
207 154 83995.57080213999
207 155 20905.267469619997
207 156 565.086139
207 157 11.583
207 159 82.5556557
207 161 103985.0674
207 162 21.4
207 164 6.868
207 165 35189.7006166
207 166 775.1
207 167 13.358
207 168 835.879
207 169 188.51
207 172 366488.51141890005
207 180 335.182
207 183 13.86427062
207 184 0.359
207 186 44678.9136467
207 188 399.585
207 191 697.99
207 194 3409.371473
207 199 622348.481
207 200 1.858
207 201 234541.97507678
207 203 6.474
207 204 608.487
207 210 3127.382
207 211 6890.991
207 214 22.1665936
207 216 30418.27564
207 44 4768.356
210 20 6153.358
210 30 710.763
210 110 10001.528
210 147 0.142
13 147 0.058
36 30 3.843
36 40 208.451
36 70 178.380312
36 74 405.35719
36 103 4.954
36 110 2251.71166
36 147 11.99
36 18 0.004
36 56 20.666
36 7 88.9216274
36 5 0.332
36 28 0.255
36 36 224.617
36 50 0.85
36 64 8.74589555
36 95 5.0520000000000005
36 100 6.5664788
36 101 4.097
36 104 0.572
36 106 0.952
36 127 28186.70465
36 151 14.053
36 153 0.053
36 168 0.061
36 172 0.72
36 179 38.973
36 186 41.3250394
36 189 0.658
36 203 1.024
36 209 0.138
36 88 0.085
36 156 250.672687
36 15 0.001
36 38 5.53927646
36 65 4442.554
36 148 24633.5055
36 184 1.266
36 59 0.05
36 199 45606.847
49 110 209.43
49 147 2.6679999999999997
49 154 371.904
49 100 41.699
60 3 1180.457
60 8 5652.25244
60 40 11.726
60 14 19643.116
60 31 742.7280112
60 87 441.232
60 91 1724.396
60 100 1430.671
60 101 18069.982
60 116 574.867
60 147 1.878
60 191 0.054
60 64 0.58652053
60 110 0.229
60 144 3863.316
60 127 0.201
60 148 10113.51
60 199 208871.883
60 61 9565.096
70 3 21.863
70 14 84.98888838
70 30 152.523
70 40 321.90435791
70 64 592652.0595128
70 5 355.95700000000005
70 6 737.974
70 7 53.5445784
70 8 11373.682
70 12 1.171
70 15 520.24
70 16 0.037
70 18 2973714.0478232997
70 20 22.441
70 22 5.33494158
70 25 0.124
70 26 0.1
70 28 0.065
70 38 80661.00402924999
70 39 14791.1228
70 41 0.691
70 42 0.619
70 43 9.149
70 44 10183.177
70 54 10.965
70 55 1094.676
70 56 1575147.6501799999
70 57 0.509
70 59 3659.217
70 61 1665620.7807537399
70 63 25409.08229
70 65 35.9602691
70 66 2165.258481
70 67 125.0758426
70 73 24.668
70 74 170319.84529276998
70 75 0.13671202
70 82 18651.03631738
70 88 15.4571725
70 90 10.271999999999998
70 92 6576.11736488
70 93 27.72
70 95 674.5332862
70 98 84.879
70 99 151.6211833
70 100 309462.3117541
70 102 45830.048
70 103 175744.9418054
70 104 3.574
70 106 2.528
70 110 1381.41594
70 111 3.658
70 113 1696.87106
70 116 0.344
70 119 6.778
70 120 4540.53890479
70 123 47562.6797
70 125 2.1863322199999997
70 127 2302.717
70 130 16.9249629
70 131 4183.09307
70 138 2865.5498421899997
70 140 18269.3194
70 142 95.62
70 143 66.349
70 144 370299.5215
70 147 62322.7328804
70 148 2969142.4734469
70 151 15.29101878
70 158 6.155
70 159 791.29671766
70 161 6922.8384984
70 164 9.805
70 165 102553.175
70 166 40.940671699999996
70 167 73986.5654508
70 169 1617.906
70 172 15.476929680000001
70 180 1.336
70 184 214008.62665652
70 185 15.614
70 186 16247.27929362
70 189 0.37
70 193 6.058
70 194 1.077
70 200 51245.34559551
70 201 41340.86929556
70 203 3.424
70 206 1.354
70 216 122.9901015
70 23 1205.899
70 76 1.134
70 155 29914.0003
70 212 0.705
70 29 0.101
70 199 5258.718
70 160 1.136
76 8 20922.684
76 14 2728.313
76 40 38.731
76 74 8.1503985
76 147 6.546
76 161 1.414
76 201 2.069
76 18 19.6051549
76 41 7.92
76 56 0.085
76 7 16.622
76 20 4149.70341
76 100 1.017
76 130 990.850225
76 175 197.865
76 193 4530.31954
76 88 11.772
76 144 3.928
76 172 7.895
76 216 58.60301553
76 148 0.017
76 44 3.5
123 8 1849.997
123 30 0.394
123 40 4.29
123 64 205203.65523187
123 74 131625.91339508002
123 110 12.4
123 147 5841.9710000000005
123 161 4670.90446
123 166 1607.16527
123 18 0.704
123 56 5.472
123 82 17102.6348
123 63 0.156
123 144 8432.062
123 155 4705.698
123 127 19307.124
123 167 11834.927
123 67 12594.736
123 100 17967.254
123 148 7704.29544
123 186 24541.1993
123 199 2300.182
123 61 558063.9461
140 14 123842.2891388
140 40 863441.61159
140 74 92.183
140 103 5203766.844532
140 110 1412441.107181
140 147 35.448101640000004
140 18 0.777
140 56 84.686
140 82 68.9207451
140 7 5.7829999999999995
140 63 31519.700399999998
140 88 85.3461709
140 93 299005.3668888
140 95 67.299
140 126 1915.7440000000001
140 21 32206.183
140 32 102484.676
140 117 17006.0616
140 132 0.723
140 151 10.342
140 156 10742.97572
140 158 4.248
140 172 697727.66145104
140 174 0.344
140 194 16155.06260805
140 212 2194.06
140 152 26309.754
140 165 166029.904
140 38 2.4786949
140 100 190.080697
140 199 25239.395
140 141 0.146
144 153 43650.445
144 8 110929.49900000001
144 40 273021.370107
144 74 38101.115099999995
144 110 239817.766
144 147 13998.5834
144 18 71.258
144 56 30.2277827
144 117 0.925
144 7 189980.53
144 88 511.36199999999997
144 143 1534.401
144 14 216.787
144 20 3616.407
144 30 167859.4586
144 63 228021.965
144 64 777083.828
144 77 6706.519
144 79 0.156
144 93 30110.6434
144 100 22505.4989
144 101 17675.04
144 102 176390.119
144 103 440795.511
144 111 62881.881
144 127 43448.077
144 156 24045.416
144 161 223019.076
144 168 274.588
144 172 11724.672
144 182 80.588
144 193 3178.733
144 201 211366.6882
144 204 13.304
144 216 15.012
144 39 3885.681
144 167 1147.769
144 38 0.368
144 148 1742.398
144 120 0.055
144 61 2390.706
147 104 16.710547299999998
147 153 1.59757682
147 3 91.758
147 8 2.202
147 14 22.88876068
147 30 1351.71757544
147 40 3775.192
147 64 49212.77994873
147 74 1552521.468448
147 103 21.932
147 110 4291.45349
147 2 0.003
147 5 0.12
147 6 0.104
147 7 114.94610924
147 9 0.045
147 15 1820.9140000000002
147 16 0.194
147 18 3714511.5991280004
147 19 0.025
147 20 0.015
147 21 1.77
147 22 5332.85762764
147 23 4.01061653
147 24 0.068
147 25 26.041
147 26 2.20687899
147 27 0.114
147 29 0.07700000000000001
147 32 15.690999999999999
147 38 125757.3056831
147 39 3.93808223
147 41 0.41200000000000003
147 42 0.496
147 43 0.022
147 44 16.005
147 48 0.071
147 51 0.708
147 54 118.27
147 55 57498.644
147 56 321464.64431
147 57 0.003
147 59 8167.085
147 61 11824.547042900002
147 63 58980.851
147 65 1289.6094927
147 66 1.012
147 67 2712.54873777
147 71 0.062
147 73 0.073
147 75 0.329
147 77 0.026
147 78 0.18
147 79 0.027
147 80 0.029
147 82 1283.11840676
147 83 0.023
147 84 0.15482399
147 85 0.852
147 87 35.303000000000004
147 88 10.186
147 90 66.022
147 91 0.017
147 92 2426.7926734
147 93 9.952907530000001
147 95 4523.430162539999
147 96 140.261
147 97 5.3999999999999995
147 98 12.73951044
147 99 102.28548947
147 100 625953.94713907
147 101 0.211
147 102 48518.012
147 105 131.72
147 106 43.049
147 107 0.023
147 111 46.2373969
147 113 250.766
147 114 168.668
147 115 0.5670000000000001
147 116 0.092
147 117 0.612
147 119 155.39334011
147 120 773.7772023
147 121 125.95293939
147 122 0.020999999999999998
147 124 0.20600000000000002
147 125 2.61381809
147 126 0.275
147 127 79743.51844079999
147 128 0.002
147 129 0.14297396
147 130 0.012
147 131 53.285
147 132 16.089
147 133 0.688
147 136 0.258
147 137 0.087
147 138 21.0159914
147 139 0.018
147 141 0.7589999999999999
147 142 0.041
147 143 0.004
147 145 0.147
147 148 350476.614085
147 149 0.009
147 151 3.449
147 152 5.635
147 154 1.26
147 155 3.774
147 156 3.218
147 157 0.001
147 158 0.065
147 159 4987.5691865399995
147 161 26259.37045192
147 162 0.101
147 164 0.05
147 165 83681.096804
147 166 1537.34241852
147 167 48498.086500000005
147 168 0.028
147 169 56.594
147 170 145.212
147 172 5339.47622919
147 175 0.001
147 180 1464.59393041
147 182 0.014
147 183 4.485
147 184 209.53831529
147 185 162.372
147 186 29858.50049883
147 188 0.06
147 189 2.622
147 190 0.071
147 193 0.025
147 194 9.023
147 196 4.8229999999999995
147 199 23864.363
147 200 1565.2632820000001
147 201 335.3399961
147 203 0.253
147 204 0.12000000000000001
147 205 1501.33
147 206 0.452
147 208 0.022
147 212 6.667
147 215 0.004
147 216 803.0025108
147 217 0.20500000000000002
147 218 0.048
147 68 0.038
147 134 0.009
147 58 0.002
147 81 0.073
147 187 0.081
147 211 0.092
154 74 56.718
154 18 113.508
154 56 4.814
154 82 0.16
154 7 14.37
154 29 0.703
154 85 9516.255
154 87 0.241
154 110 7833.654
154 127 0.554
154 100 52.1
154 141 4.572
155 8 6094.3626
155 40 104236.125
155 64 307851.99799999996
155 74 7.31151648
155 18 0.017
155 56 38.465
155 39 898.149406
155 100 13613.2757
155 103 37923.391
155 110 48692.77686
155 127 205973.21099999998
155 24 8385.489
155 29 22948.2744
155 199 677.382
162 8 7546.56746
162 30 169.689349
162 64 1.004
162 56 5.738
162 29 22788.6757
27 40 20.401
27 110 54.6065584
27 85 6708.212
85 40 1.665
85 110 160.334951
85 127 164.126
85 100 0.063
85 199 55.985
85 145 5560.3910000000005
127 14 66334.662
127 30 20828.48492815
127 40 54.538946
127 64 0.681
127 74 11.367
127 103 0.023
127 110 27.8826665
127 56 49.555
127 63 26412.008
127 93 14117.1196
127 165 16549.983
127 8 0.015
127 29 0.015
127 31 0.39875368
127 138 2652.943
127 152 0.546
127 216 2477.915
127 38 4.28
127 148 2.847
127 24 150.288
127 199 122044.568
127 61 15548.2342
127 81 22283.142
7 153 82176.52770584
7 30 1.608
7 40 2337254.5981472
7 64 12.158
7 74 28639.19375843
7 110 350353.00749
7 166 0.119
7 201 5.651
7 18 15983.248
7 56 182.47966010000002
7 82 124.825565
7 159 58.699
7 169 39.345
7 2 1971.755
7 14 527.4195176
7 16 76.576
7 23 1297.0797045000002
7 34 0.8
7 57 416.683
7 63 9921.256
7 75 0.689
7 79 3.746
7 88 54955.252
7 93 755062.612
7 95 729.7067728000001
7 96 349.92900000000003
7 97 0.747
7 103 2438830.937
7 105 1244.194
7 111 89.496
7 113 60.788683
7 117 26922.9489
7 126 4.323
7 130 4.285
7 137 14366.348
7 138 24193.2674977
7 143 5.567
7 152 23690.63391903
7 156 57342.286
7 165 2092440.261
7 168 97.15
7 170 224.277
7 172 30624.4846305
7 175 3.309
7 178 1898.424
7 182 4.881
7 189 3800.79
7 194 125451.781
7 196 3.977
7 203 1.117
7 204 233.636
7 216 1600.611
7 218 2.049
7 102 0.161
7 38 133.448
7 100 103.4797807
7 186 0.264
7 141 2.974
7 61 4189.453
20 8 13.885
20 14 81.916
20 74 479.273
20 103 0.743
20 18 0.045
20 41 2097.167
20 82 114.473
20 129 31.096
20 169 13.525
20 130 1.711
20 143 2.235
20 44 1145.631
20 193 168.8
20 199 1069.535
20 61 543.36
20 81 10658.085
21 40 4044.264
21 110 1642.357
21 138 307.193
21 152 1691.331
21 172 2967.993
23 40 5121.890369999999
23 74 51.067
23 103 2344.227
23 110 3681.57838
23 56 0.382
23 169 2.791
23 93 22750.1329
23 136 2686.625
23 138 6204.5205
23 165 24.283
23 168 638.762
23 216 217.874
23 95 174.290163
23 172 4.273
34 40 0.096
34 74 0.214
34 141 109.50847056
34 216 10166.89082554
34 217 11.736
34 218 6.933
34 136 13.559
40 104 148688.9908
40 3 60718.858
40 14 3873822.886696
40 30 2692.5420000000004
40 2 239.211
40 8 28.0917007
40 16 1.125
40 18 24549.2118
40 22 3.398
40 25 1.316
40 26 1.3
40 29 1.177
40 31 0.784
40 38 12.8034175
40 39 17.78645173
40 48 0.717
40 56 243.669
40 59 1.422
40 61 140586.6623
40 64 146.5435264
40 65 1.677
40 66 2.1835365
40 67 111.104
40 74 2990.5175828
40 75 0.345
40 79 42.302
40 82 19.631
40 88 1149260.175883
40 93 930802.144377
40 95 7.573
40 96 6095.989
40 98 0.043
40 99 144.9504459
40 100 4316.64401
40 101 38.175
40 103 25545.873861199998
40 107 903.182
40 108 31.992
40 110 346822.5631405
40 111 467294.734
40 112 86.337
40 113 13.2885628
40 116 4.36
40 117 21.15
40 119 13.2879722
40 120 0.89
40 122 22306.579
40 124 0.17
40 125 2.752
40 129 3.747
40 131 0.79076465
40 132 1331321.462975
40 133 0.431
40 134 132.46925140000002
40 138 3.931
40 139 0.34
40 141 22.244999999999997
40 145 0.138
40 151 81.384
40 153 40.7718522
40 156 325481.78005999996
40 159 121.345
40 160 2167.318
40 161 29.3322802
40 165 2883155.287
40 167 75028.42740619999
40 168 0.298
40 169 467165.016
40 172 97202.85249399999
40 174 4.472
40 180 4.971
40 182 7.2353875
40 183 11.1
40 184 1.441
40 193 17.677
40 194 44263.4078056
40 201 4933.155
40 203 5.887
40 204 1.817
40 205 22.831
40 212 187152.581
40 216 269.2851107
40 63 19936.6031
40 152 24162.677
40 196 5480838.52
40 68 26.952
40 158 751014.672
40 15 6.622
40 148 100693.2814
40 186 16555.326
40 208 689791.963
40 199 47553.779
40 32 32143.004
63 104 2894.454
63 14 44972.93
63 64 2222.33648
63 74 38794.5256
63 103 10199.4394
63 110 0.007
63 161 17346.003
63 166 5959.366029999999
63 201 47266.641
63 18 70198.099
63 82 31882.0074
63 169 634473.71
63 5 21205.172
63 22 1246.557
63 25 76.402
63 100 85229.9196
63 102 12617.855
63 113 4165.418
63 129 956.008
63 133 33.045
63 172 64764.5356
63 95 0.776
63 165 1410637.54
63 167 28774.58945
63 67 6069.456
63 148 45256.05
63 99 2131.0
63 131 17036.788
63 205 2154.535
63 199 184497.517
63 61 284678.539
63 66 25.155
63 81 32356.929
63 115 15959.52
66 110 0.098
66 201 0.37489262
66 200 1.769
66 103 0.017
74 3 14.825
74 30 13028.8713331
74 64 46427.309622
74 8 13867.7489729
74 14 177.56852869
74 15 29.209
74 16 5.96138042
74 18 1484079.8143026698
74 22 0.815
74 25 130.918
74 26 0.2
74 28 0.051
74 31 1.19
74 38 813.72764707
74 39 9.048
74 41 18.971
74 44 1.492
74 48 193.433
74 51 27.091
74 54 67.02
74 55 0.481
74 56 32389.649194899997
74 59 8666.385
74 61 238801.84683999998
74 65 4755.76136
74 67 20992.14510789
74 69 122.034
74 74 34119.702
74 75 63.5904879
74 77 17.044
74 79 0.194
74 82 94.5544891
74 84 1.351
74 88 471.839
74 90 3.493
74 92 4.597
74 93 5.33318083
74 95 604884.6178193799
74 96 4.717
74 97 2.46
74 98 26.39129871
74 99 129872.419
74 100 19803.5626342
74 102 7.94600729
74 103 94.20500000000001
74 104 11.7324231
74 110 33230.85468113
74 113 3.9476543
74 117 3.748
74 119 26.98238783
74 120 0.27904341
74 121 41.881
74 124 2.739
74 125 0.304
74 129 9.994
74 131 5.99247416
74 137 1471.752
74 138 0.431
74 141 0.635
74 148 5886589.390697501
74 151 298.7875646
74 152 0.926
74 153 1.358
74 156 4.016
74 159 21984.86439105
74 161 36598.668000000005
74 165 1495921.029
74 166 28.54637476
74 167 32491.053499999998
74 169 6.187
74 172 1432.6397712
74 180 341.362
74 182 0.032
74 184 768358.375
74 185 7.538
74 186 24513.699377599998
74 189 0.03
74 193 5261.541
74 194 22.2326093
74 199 15842.184
74 200 10407.3641
74 201 17.7166078
74 203 5538.867
74 204 0.088
74 206 2.181
74 208 1.496
74 212 50.007
74 216 31.983
74 218 3038.667
74 5 24.0
74 116 0.667
74 73 1.768
96 64 0.124
96 110 16228.864
96 56 2.323
96 82 33.708
96 16 23874.672000000002
96 2 37173.963
96 9 57871.991
96 93 54686.091
96 153 32010.854
96 167 688.906
96 203 304.528
96 204 1056.0
96 38 31.263
102 14 16030.465
102 64 0.091
102 110 22.1994198
102 18 15385.319
102 56 16.4
102 82 38.114
102 169 84802.794
102 95 3.701
102 152 20779.379
102 165 120382.812
102 163 0.75
102 38 16.728
102 148 14883.717
102 78 147314.29
102 209 33037.314
102 61 90067.191
105 104 1215.454
105 110 15.246
105 82 63.196
105 168 40.045
105 203 73.287
105 204 919.033
105 138 1815.327
105 165 11335.379
105 216 42.059
105 167 2141.307
105 100 1.16
105 186 695.206
105 61 2191.742
110 3 45734.555
110 14 1842817.5778
110 30 5680.540181
110 64 17110.924512
110 103 135441.495999
110 8 727.662557
110 16 6.145
110 18 1028.8744550000001
110 24 1091.255
110 25 3.124
110 26 0.7
110 28 0.172
110 29 13.108
110 32 558603.804
110 38 2198.63
110 39 1189.21148538
110 43 43.174
110 55 52.496
110 56 3464.92043
110 59 155.309
110 61 78414.2138
110 65 8.299999999999999
110 67 140.0142264
110 68 0.628
110 72 910.108
110 78 23730.83
110 82 19.166
110 86 2356.916
110 88 1881.2280999999998
110 92 16.37
110 93 1374843.527472
110 95 54.153
110 97 152.23
110 98 38.603
110 99 633.34042
110 100 590.292585
110 104 18.629
110 107 0.171
110 108 62.6583976
110 111 226547.541
110 112 14.222
110 120 0.022
110 124 2.406
110 128 798.477
110 129 0.853
110 131 18.425459
110 132 459.593672
110 134 3112.08454
110 135 127.494
110 138 1379.389
110 145 24.695
110 148 30248.615667309998
110 149 50.233
110 150 99.509
110 151 1395.276308
110 152 1595214.9127544
110 156 44372.98194
110 157 451.066694
110 158 46625.952000000005
110 159 88.8874412
110 161 17.6390547
110 165 5900659.435
110 167 626479.79955
110 169 226373.64667000002
110 172 41140.748869999996
110 180 0.504
110 184 20.23
110 186 653.9787670000001
110 194 28779.95604637
110 196 2.663
110 204 0.175
110 205 439.733
110 212 5699.34
110 216 176.796297
110 201 4043.356
110 44 6924.465
110 81 45656.436
111 64 1.342
111 56 5.679
111 169 7.177
111 95 13.294
111 14 514.282
111 88 9066.561
111 93 32306.261
111 103 483015.471
111 156 18850.94
111 194 34897.819
111 152 1876.001
111 165 374907.772
111 100 43.45
111 148 12390.525
132 172 1388.176968
132 194 3771242.3286099997
152 201 22.757
152 169 592.977
152 95 3.73085867
152 93 447.369
152 103 1027018.98
152 117 11351.3981
152 153 5460.99477
152 165 14472.156
152 194 14473.222
152 204 476.0
153 2 11.229
153 14 10.995
153 64 27222.838
153 56 1.933
153 169 937.706
153 97 5256.943
153 126 6308.915
153 165 563119.891
153 172 176414.2195
153 194 0.102
153 15 26741.012
153 38 0.24063911
153 199 37307.628
156 14 1247.34419
156 103 7528.044
156 18 538.008
156 159 2.448
156 169 5562.832
156 88 53.6681087
156 93 27077.254
156 56 0.91
156 172 4925.93262098
156 174 4.971
156 165 80577.533
156 194 870.188313
156 216 155.261
156 158 1725.918
156 38 20.7544711
156 212 51736.926
156 141 0.086
158 14 847.0319999999999
158 172 4.757
158 194 0.037
158 151 0.273
158 103 1552773.11
158 100 1.991
169 64 0.381
169 5 409.701
169 56 31.021
169 82 817.2242610000001
169 88 7669.791
169 93 160655.26
169 103 404493.189
169 117 3669.763
169 125 316.656
169 168 339.619
169 172 1542.6819999999998
169 194 10554.03
169 203 23600.423
169 204 56.0
169 216 1357.961
169 95 16.026
169 165 46.703
169 38 273.589
169 100 63.6550562
172 14 492266.1850347
172 64 0.338
172 103 20391.501687
172 18 155.216
172 56 279.081
172 82 75.437
172 88 96.6950437
172 93 1682246.9987093399
172 95 0.677
172 138 14426.556
172 165 823527.293
172 8 3033.815
172 30 0.096
172 32 70.57
172 39 0.539
172 97 39.04
172 99 1.0
172 108 33.892
172 117 8140.163
172 126 4216.351351
172 148 2907.5080000000003
172 151 3.7359999999999998
172 194 49.05685446
172 203 362.361
172 212 1961.813
172 216 1515.715
172 38 3.74553563
172 100 164.1228703
172 186 1.21673818
172 131 0.411
172 141 1.359
172 81 47606.924
203 14 0.951
203 166 0.362
203 56 0.641
203 93 484.195
203 138 3317.175
203 43 23.656
203 44 24.966
203 168 1578.509
203 204 49.438
203 217 38.2
203 216 46.9580348
203 136 4157.779
203 38 15646.8165
203 100 0.403
204 64 8.337
204 18 42.12
204 56 12.741
204 138 1459.815
204 165 525.0
204 43 0.988
204 168 5.72706111
204 181 12.476
204 216 17.88549525
204 136 2248.405
204 167 420.0
204 186 357.5
212 103 12.063
212 18 0.292
212 159 0.146
212 88 130.504
212 165 46859.67
212 194 5928.893
212 38 39.596
212 107 50707.708
212 117 4683.071
216 18 0.001
216 56 78.297
216 82 162.886
216 159 0.451
216 95 1.035
216 138 540.5056098
216 3 15.534
216 43 62.709
216 78 0.652
216 118 9422.39
216 136 226138.40099999998
216 139 491.25
216 141 8713.48040203
216 173 114.611
216 186 2598.072
216 187 2960.945
216 189 6.13170707
216 216 0.15
216 217 1444.67
216 218 15499.14890077
216 167 424.144
216 38 4081.551
216 100 496.00199
216 199 7415.266
216 81 2356.469
78 161 1.273
78 18 4.797
78 82 140.147
130 41 599.369
130 82 417.978
130 143 178.900021
175 18 8.23679341
175 113 0.098
175 114 201.031
175 187 155.362
2 104 70642.82400000001
2 201 14.208
2 16 1580.474
2 196 187895.573
2 167 8290.233
2 208 18371.528
2 195 9.316
3 8 10851.739
3 14 9684.485
3 30 5707.785
3 64 22259.652
3 103 16764.938
3 161 12104.453000000001
3 166 7.457
3 182 2.12
3 201 3715.829
3 100 11.923
3 141 1.626
3 61 5943.477
5 104 1224.218
5 166 654.724605
5 18 250.048
5 22 856.669
5 25 123.615176
5 41 347.638
5 56 306.224
5 64 125.995087
5 82 4075.57414
5 113 114.604657
5 117 6.912
5 129 221.7631091
5 133 391.699658
5 159 60.807
5 161 126.602514
5 180 273.945763
5 200 1446.659
5 167 2040.71127
5 100 519.092
5 186 1068.127
5 90 2210.108
8 30 179643.34084409
8 39 181068.9243
8 41 2774.424
8 48 279.143
8 136 734.369
8 137 1075.098
8 200 1936.2844
8 206 44780.67212
8 14 17802.686
8 18 21150.2464
8 82 21.2881444
8 88 26.316
8 165 183250.97
8 38 5.84
8 100 1.621
8 148 75910.2197
8 29 694978.133
8 199 290669.17
8 61 46979.7688
8 81 13088.759
14 14 163.599
14 30 1.734
14 37 14.02
14 52 8.325
14 56 717.187301
14 68 10971.794338
14 88 3427.101
14 93 37913.157394429996
14 103 8652703.491700001
14 104 42.96
14 108 0.073
14 134 2.056
14 136 4597.524
14 142 13703.121
14 150 155.62
14 151 15797.8793311
14 164 1494.913
14 167 0.615
14 174 20.803
14 194 66.44
14 197 337.261
14 198 8.892
14 213 2177.239
14 214 1076.018
14 18 5.89
14 159 0.384
14 95 1.106
14 165 424.645
14 38 233.679956
14 100 17.56
14 186 2.048
14 81 64607.196
18 64 98918.23392454999
18 161 12087.455123729998
18 166 19.10765149
18 201 54103.83326502
18 15 3359.6980000000003
18 22 530.305076
18 25 119.438023
18 26 1.4
18 30 50917.786
18 38 32470.885489919998
18 41 2.399
18 42 1.63
18 43 0.1
18 44 0.387
18 54 1.402
18 55 2736.549
18 56 855308.317895
18 59 4089.708
18 65 0.467
18 67 4196.69195989
18 75 4.76040859
18 77 0.135
18 82 17.17566205
18 88 4.397
18 90 0.977
18 92 3.01925259
18 95 2231.75506
18 98 1.397
18 99 13.068
18 100 23838.23393836
18 113 3.379
18 114 197.811
18 119 0.99858772
18 120 106646.02740059
18 121 0.868
18 128 7.048
18 129 0.091
18 131 0.379
18 134 0.009
18 148 2740775.3775000004
18 151 33.179
18 159 4991.54501738
18 165 430608.764
18 167 8966.6868242
18 168 0.1395
18 170 8.882
18 180 294.67218
18 182 9.49638012
18 183 45.31
18 184 468.350498
18 185 1.625
18 186 7996.4279499
18 189 3.38062793
18 200 23.7398856
18 205 0.559
18 208 1.65
18 61 27304.7158
25 104 291.021
25 103 0.017
25 166 215.8256867
25 22 0.955
25 133 9.95242886
25 180 12542.0711495
25 185 279.647
25 56 185.0939657
25 82 1.046
25 129 242.870474
25 159 2192.068759
25 167 50662.478
25 15 481.014
25 38 1.439
25 65 0.105
25 92 272.18062248
25 100 866.9307987
25 119 289.785
25 148 89.385
25 184 112.8285726
25 26 65.0468378
25 55 1922.336
25 90 18690.549
25 205 14.334
28 138 2127.798
28 194 2.521
28 101 9570.143
28 199 1510.972
29 30 1288486.46141071
29 64 1.122
29 56 0.941
29 100 4.849
30 38 126.96
30 39 2.873
30 87 253.289
30 103 1427.757
30 138 2.04
30 199 70922.958
30 56 143.492
30 82 51.5984572
30 88 45.676
30 165 168544.535
30 100 155.2371309
30 148 47411.5458
30 186 0.608
30 61 40471.35816
30 160 45.892
30 81 35834.619
31 138 503.355
31 199 4562.164
31 183 978.423
38 104 312057.966
38 64 386.29548463000003
38 103 0.634
38 22 45.516999999999996
38 56 579290.62504
38 159 91.574
38 180 189.799
38 95 1.5479599199999998
38 138 14663.145
38 165 59.612
38 15 2962.1800000000003
38 16 0.36600796
38 39 52.1500927
38 41 0.158
38 48 2368.849
38 50 1.171
38 54 17.422
38 55 0.016
38 61 91197.167
38 67 98.81160267000001
38 68 5182.77
38 75 1.51509799
38 82 0.521
38 88 4.49907641
38 92 0.08037251
38 93 1.552
38 99 37794.597
38 100 48327.7630672
38 106 0.198
38 117 0.325
38 120 1.765
38 124 0.654
38 131 15.8467715
38 148 20145.62209145
38 151 39.938
38 166 0.44147403
38 167 139.757
38 184 11440.471
38 185 0.183
38 186 4.3100000000000005
38 194 22.513
38 196 4.968
38 200 0.075
38 201 2.44813836
38 205 21.745
38 59 4.119
39 64 0.719
39 56 52.496
39 82 33.8388846
39 165 11777.784
39 206 215.88
39 15 1.876
39 100 649.466715
39 148 43754.9565
39 59 1.413
39 199 573131.252
39 81 13882.377
48 64 0.515
48 161 450.65738782
48 61 618.327
48 81 548.898
56 104 108.449
56 64 2413.6680274
56 166 25608.646876
56 201 9757.5587186
56 15 32516.297
56 16 3.819
56 22 2155.273156
56 26 53.3
56 55 19753.261
56 59 3056.4350000000004
56 61 1.889
56 65 101.117433
56 67 629.72829515
56 68 231.066
56 75 0.732
56 82 191.93273027
56 84 3.247
56 88 15.4735692
56 90 62.291
56 92 3063.300859
56 95 12490.7029446
56 98 99.1169805
56 99 10.06311403
56 100 300071.732251
56 103 667.3577467
56 106 0.197
56 113 155.2936634
56 119 134.1345229
56 120 2596.8742110000003
56 121 49.3153668
56 124 0.668
56 129 166.39464700000002
56 131 1.322
56 133 22.392
56 134 6.589
56 141 2.354
56 148 7442382.809789999
56 151 4.561
56 159 30503.148197
56 161 300.794551
56 165 117.197
56 167 40110.753544
56 180 1598.649726
56 184 231580.262024
56 185 483.055
56 186 45977.53941211
56 194 1.799
56 200 0.08
56 208 9.971
59 64 21.959
59 82 65.699
59 159 564.3199999999999
59 100 280.801
59 148 73701.52799999999
59 184 12537.869999999999
59 186 143171.986
59 26 0.5
59 65 647.7
59 67 0.672
59 79 0.017
59 84 547.01
59 98 1382.732
59 99 1.0
59 119 0.094
59 121 0.985
59 131 0.848
59 161 1903.66
59 166 0.424
61 100 3936051.2567447
61 41 6536.249
61 54 1755.688
61 64 3742890.42141
61 82 148519.78
61 88 5239.327
61 103 188921.3719
61 113 20109.8055
61 161 415016.639
61 194 12082.45
61 200 932600.9456
61 201 1543295.193
64 6 553.827
64 15 2239.0939999999996
64 16 0.497
64 22 76.7256493
64 41 0.487
64 54 0.069
64 75 0.4540864
64 77 2380.369
64 79 0.631
64 82 709.8166636999999
64 90 2439.774
64 95 634.5408316700001
64 98 0.426
64 100 16329.1594174
64 113 1.049
64 119 1.90484131
64 129 32.107566399999996
64 137 6.642
64 141 0.186
64 148 572172.623175
64 159 195.40708960999999
64 161 447051.26465292
64 165 486028.822
64 166 790.73420067
64 167 3274.7509999999997
64 184 0.129
64 185 14.524
64 186 16.085
64 189 2.787
64 200 6224.85511191
64 201 22.3910488
64 206 1.282
64 65 0.43
64 199 89359.262
64 81 6839.307
64 115 3635.47
65 82 1.86
65 159 9.55285247
65 167 105847.768735
65 15 0.51
65 26 0.1
65 54 0.01
65 67 31.248754679999998
65 100 46.60381769
65 119 3389.4551180900003
65 121 2331.34885483
65 124 0.033
65 148 5.383
65 166 0.205
65 184 18.764
65 186 1909.66233793
65 55 1.066
65 120 14.96
67 104 1900.67907
67 82 17.1880581
67 159 2.175
67 95 0.33642874
67 167 67390.89721000001
67 15 0.722
67 119 8.7939092
67 121 71.92991246999999
67 148 2966.124206
67 186 5569.87796455
67 100 73.37809192
68 88 0.023
68 108 15.043
68 141 0.238
68 150 0.645
68 202 95.345
68 214 14.66150132
68 151 1458.33747417
68 187 7413.821
75 104 46.464
75 201 8.565
75 159 2.21499035
75 16 180372.65116531
75 22 455.519
75 121 0.002
75 9 4426.60943
75 167 31440.186212
75 100 0.017
75 26 21.3282475
77 201 220.555
77 166 231.0
81 99 3.0
81 100 4945.879
81 103 118991.425
81 161 2050.395
82 166 727.2689838000001
82 201 134864.6062895
82 22 928.7239940000001
82 9 0.012
82 19 12.919
82 41 233.504
82 54 9650.245
82 55 37.176
82 73 111.346
82 90 12.047
82 92 154.565783
82 99 76.2608639
82 113 7865.03638
82 114 0.492
82 119 4.106
82 120 44.0600109
82 129 3081.93911
82 131 13.7368482
82 137 158.951
82 159 222.762
82 161 79.6960411
82 165 5.753
82 167 411788.42471
82 180 908.106808
82 185 23.467
82 186 0.925
82 193 40.141
82 200 788.047111
82 205 66.647
82 95 3.98796852
82 138 0.06
82 15 0.134
82 100 29.99475041
82 148 13279.3384
82 141 0.904
82 115 148.953
87 100 3.54
87 183 6.582
87 101 1870.788
87 199 9189.351999999999
87 58 237.797
88 103 30.527
88 93 9.04411799
88 108 0.762
88 174 1.504
88 138 2516.878
88 165 27539.425
88 194 0.375
88 100 1.575
88 141 3.797
92 104 14266.40122
92 166 9219.17165557
92 159 13584.69267985
92 180 7679.018611
92 95 1.32205574
92 167 679992.605414
92 15 476373.428
92 22 3563.16166
92 26 4243.28034
92 55 7199.164000000001
92 90 7380.126
92 98 40.09
92 100 2331.3917356
92 129 0.059
92 133 1.034
92 184 23976.59872707
92 185 7781.647000000001
92 205 294782.514
92 186 9.525
93 103 2505272.18243
93 107 19788.681
93 117 28566.257
93 126 1052.771
93 137 2.764
93 194 14218.235700000001
93 197 267.992
93 165 783693.487
93 100 14.787
95 159 1.253
95 100 30.77548578
95 101 54.523
95 119 38.544
95 121 0.113
95 148 2604.447
95 161 0.112
95 165 29.651
95 184 0.914
95 186 6745.553
95 167 658.72289
95 15 10.202
97 201 9.961
97 9 66.99
97 100 12.759
98 103 0.081
98 159 0.058
98 100 5.654
98 186 1.35462355
99 201 292.0
99 159 79.2615263
99 194 0.003
99 100 723.761707
99 163 93011.68
100 104 6892.83326
100 166 2312.1545760599997
100 201 947.776009
100 159 5094.802139
100 180 573.71189137
100 165 687635.045
100 200 26744.066401999997
100 167 5055796.62751368
100 15 194920.319
100 16 0.047
100 22 591.47766735
100 26 1556.99726
100 42 170.069
100 54 503.969
100 55 18472.863999999998
100 84 0.015
100 90 50486.522000000004
100 103 3.579
100 113 38248.37596
100 115 878728.993
100 119 199.79276102
100 120 319.883
100 121 3.5750843
100 125 0.301
100 129 225.219
100 131 4121.15882977
100 133 6.72947658
100 138 0.516
100 141 2.614
100 142 2.125
100 143 35.9975246
100 148 359263.94966710004
100 151 31.88625072
100 161 46.25625779
100 177 9936.549
100 184 7546.5953139700005
100 185 4640.371999999999
100 186 216.06825346
100 192 27.746
100 194 33.395
100 44 7642.313
100 73 1.127
101 116 1194.949
101 199 1.224
103 134 9.868
103 143 0.672
103 194 52.40813082
103 165 6015505.567
103 167 2328161.437
103 148 42179.52568
103 199 48724.484
103 32 1668232.94
104 16 19129.785
104 22 17355.92726
104 26 21.69777731
104 54 220.905
104 106 17341.2887309
104 121 6166.421
104 124 3307.45904
104 129 387.074
104 131 11913.105
104 133 64.859
104 159 385811.3023
104 166 36760.07219
104 167 183307.59851442
104 180 1448.537
104 184 3888.219158
104 195 70443.287
104 201 176274.4156
104 205 506135.641
104 208 108358.53
104 196 192066.782
106 167 23395.99393365
106 119 4.685
106 208 3138.464
108 194 0.121
108 151 645.620357
113 190 42.028
113 129 40.3713239
113 167 2027.173
113 148 1085.083
113 115 18621.353
116 199 3806.014
117 126 60531.979
119 22 0.447
119 159 45549.38798512
119 167 191521.1027422
119 15 0.053
119 26 174.16807609999998
119 45 0.37
119 55 78.524
119 121 30509.99526884
119 129 89.577
119 148 223467.699
119 180 137.268
119 184 1238.945
119 205 4227.749
119 208 7.467
119 186 8.62856168
119 141 2.757
120 159 1.09263716
120 184 2247.391
120 186 0.117
120 120 2.528
120 121 24.606
125 138 2043.832
125 47 520.213
129 166 6280.3758
129 22 7959.837052
129 41 56.446
129 90 1614.2949999999998
129 133 247.500391
129 159 187.43694349999998
129 180 10576.225705
129 200 62.56
129 167 41508.348157
129 186 548.895
129 26 212.8175131
129 55 440.149
129 185 2.119
129 115 433.297
131 159 2.408
131 200 1840.41298
131 167 4184.4
131 115 0.607
133 166 148.8740386
133 159 387.053
133 180 4047.672267
133 167 42.759
133 15 23.724
133 121 102.241
133 186 99.153
133 26 30.9966166
133 55 157.493
133 90 3713.262
133 205 6.274
136 161 0.263
136 138 3164.607
136 218 962.94
138 114 1019.944
138 126 282.342
138 128 1956.171
138 189 27.557
138 167 2297.63307
141 159 0.017
141 54 0.55
141 121 0.088
141 148 1.444
141 167 6.664
148 166 1163.366
148 159 7364.87546
148 16 0.005
148 167 36758.752
148 15 1.788
148 121 1.488
148 161 35011.78203
148 180 552.76
148 186 307078.83934045
148 201 219320.1519
148 55 0.163
151 10 212.052
151 45 437.548
151 126 0.188
151 128 134.211
151 142 1554.837
151 146 74.577
151 150 76.859
151 159 10.021
151 164 696.235
151 174 267.389494
151 198 77.251
151 202 91.503
151 213 154.27
151 214 910.2485091
151 186 0.82
157 6 17.38
157 86 707.143
159 166 583.7921575
159 9 0.01
159 11 1.438
159 15 12891.537
159 22 3912.610949
159 26 31956.989719999998
159 55 26773.013
159 90 894.84
159 121 10862.63406257
159 124 7.935
159 161 3.176
159 165 316173.40631736995
159 167 360756.89862917
159 180 9871.914
159 184 7071.275449
159 185 2489.032
159 186 30122.97724251
159 201 5.249
159 205 3009.277
161 44 2599.0170000000003
161 80 0.187
161 137 1317.561
161 182 66.39558924
161 200 10216.2682
161 201 4840.043
161 186 2014.89364
165 194 1050025.551
165 201 122299.993
166 15 1856.24
166 22 58019.475572150004
166 55 733.1
166 124 10338.42896
166 180 9392.31847217
166 185 668.674
166 200 1882.80725
166 201 8188.240118
166 16 268.823
166 167 271753.12289
166 184 0.106
166 186 11.045
166 26 196.4991072
167 16 10396.9563903
167 9 290141.2840077
167 22 508676.56613
167 26 2642284.17947095
167 54 127.025
167 55 313.606
167 115 121.498
167 121 303173.8222325
167 124 10128.01872
167 134 9901.15335
167 160 1191.95
167 180 335753.68647
167 184 699342.64201
167 186 72953.89059
167 195 21444.153
167 196 0.543
167 200 7368.037
167 201 247670.4622
167 205 252448.28
167 208 17.919
168 17 26.646
168 43 17.948
180 22 245.8435066
180 90 7955.773999999999
180 185 91.287
180 195 0.421
180 15 446.646
180 186 362.058
180 26 3390.257393
180 55 6798.579
183 199 16594.218
184 15 4554.429
184 121 1489.4279999999999
184 55 354417.248
184 184 16266.672
184 205 47089.013999999996
184 186 2.42578914
184 26 178.9126204
184 90 204.269
186 15 5794.278
186 121 5.88366888
186 54 0.468
186 55 2.807
186 194 1.754
186 201 0.396
186 205 992.818
186 187 0.935
194 201 0.044
194 107 12770.395
194 112 11227.2436185
194 126 0.219
194 194 0.294
199 206 7202.611
200 201 34046.4
200 90 939.329
200 205 1751.421
201 15 0.7210000000000001
201 16 788623.1989999999
201 22 2096.521286
201 84 0.121
201 109 16.25
201 128 23.241
201 137 49.515
201 178 2.303
201 190 0.282
201 196 0.902
22 124 182.653
22 15 48.627
22 26 515.337871
22 55 488.29
22 205 2437.77
26 55 121.60000000000001
26 124 626.079437
26 205 64457.1
121 15 1.544
121 90 0.002
121 205 1525.009
121 55 12.666
182 193 0.422
182 73 0.799
137 6 13200.552
193 19 1739.768
193 143 0.539
42 35 30.588
218 217 469.335
192 35 69.648
